# Plane Wire Noise(ADC) RMS(ADC)
2 0 2.2937 0.00397246
2 1 5.66809 0.0166507
2 2 7.00783 0.0189321
2 3 5.10586 0.0147856
2 4 5.54472 0.0149691
2 5 5.32413 0.0152416
2 6 5.6302 0.0149046
2 7 5.40083 0.0154128
2 8 2.00743 0.00266841
2 9 5.40336 0.0153411
2 10 5.51184 0.0145884
2 11 2.04173 0.00277792
2 12 6.4312 0.0179201
2 13 2.16761 0.00295772
2 14 2.3876 0.00406263
2 15 1.97247 0.00238137
2 16 2.37759 0.00385933
2 17 5.16676 0.014012
2 18 5.8513 0.015856
2 19 1.84847 0.0018603
2 20 5.61139 0.0152201
2 21 4.94082 0.0126113
2 22 5.64493 0.0152496
2 23 4.75167 0.0120082
2 24 5.10467 0.0132941
2 25 4.77735 0.0122108
2 26 5.16273 0.0136434
2 27 1.86835 0.00201935
2 28 5.44778 0.0145275
2 29 5.97198 0.0134188
2 30 0 0
2 31 0 0
2 32 0 0
2 33 0 0
2 34 7.53702 0.00716711
2 35 9.60587 0.0196077
2 36 4.02714 0.00399719
2 37 9.25566 0.018785
2 38 8.38192 0.0178809
2 39 5.5562 0.00859439
2 40 8.38104 0.0185432
2 41 2.43054 0.00394161
2 42 2.64026 0.00438181
2 43 6.65212 0.0180114
2 44 2.40065 0.00425565
2 45 2.1835 0.00339734
2 46 7.10345 0.0189227
2 47 2.16516 0.00332547
2 48 2.25986 0.00376397
2 49 1.98968 0.00278049
2 50 2.37583 0.0041163
2 51 1.87447 0.0023798
2 52 2.18886 0.00343681
2 53 6.43335 0.0168904
2 54 1.97516 0.00272624
2 55 1.89041 0.00240065
2 56 1.93767 0.00253101
2 57 6.47284 0.0171079
2 58 2.11312 0.00313732
2 59 2.01357 0.002915
2 60 5.96554 0.0151797
2 61 5.56397 0.0143284
2 62 5.63937 0.0136854
2 63 6.02981 0.0160074
2 64 2.18471 0.0034663
2 65 1.77559 0.0021566
2 66 7.13671 0.018525
2 67 1.77965 0.00213814
2 68 6.96067 0.0180041
2 69 1.70773 0.0018847
2 70 1.92621 0.0025338
2 71 1.75241 0.00207949
2 72 2.03524 0.00284487
2 73 1.81666 0.00215453
2 74 6.55949 0.0163287
2 75 3.86734 0.00845842
2 76 1.9458 0.00233169
2 77 1.60834 0.00150272
2 78 5.62806 0.0134544
2 79 5.04345 0.0121971
2 80 5.09062 0.011756
2 81 5.04374 0.0117119
2 82 5.31571 0.0128204
2 83 5.79917 0.01452
2 84 1.84561 0.00226798
2 85 1.83044 0.00236651
2 86 6.38411 0.0160035
2 87 1.73364 0.00204686
2 88 5.66238 0.0140497
2 89 5.23569 0.0138649
2 90 5.36937 0.0133973
2 91 5.46466 0.0143499
2 92 6.2202 0.0154917
2 93 1.54572 0.00151349
2 94 2.0591 0.00342036
2 95 1.72979 0.00218666
2 96 7.7816 0.0197807
2 97 1.87914 0.0028681
2 98 0 0
2 99 0 0
2 100 0 0
2 101 0 0
2 102 1.56039 0.00157202
2 103 6.41764 0.0162036
2 104 1.29137 0.00146518
2 105 1.65297 0.00200203
2 106 1.79276 0.00218605
2 107 5.83785 0.0148168
2 108 5.69041 0.0135183
2 109 5.50981 0.0139543
2 110 6.17559 0.0153341
2 111 1.59895 0.00187436
2 112 6.73152 0.0166155
2 113 1.56096 0.00158164
2 114 6.61183 0.0161274
2 115 6.63019 0.0171094
2 116 2.92895 0.00324816
2 117 1.99075 0.0028422
2 118 3.18984 0.00419753
2 119 1.97005 0.00288735
2 120 5.90797 0.0120855
2 121 1.80128 0.00231434
2 122 2.21773 0.0036583
2 123 2.05175 0.00317171
2 124 4.50187 0.0103748
2 125 6.89099 0.0171637
2 126 6.37963 0.0154956
2 127 7.49262 0.0165824
2 128 6.70542 0.0165029
2 129 3.62179 0.00546234
2 130 7.02824 0.0175655
2 131 9.1082 0.0204933
2 132 4.16603 0.00949518
2 133 3.88289 0.00598145
2 134 2.19071 0.00361349
2 135 2.30609 0.00333184
2 136 7.46583 0.0199425
2 137 7.01221 0.0184014
2 138 2.71471 0.0044165
2 139 1.95808 0.00273454
2 140 10.8755 0.021101
2 141 7.42001 0.0197924
2 142 6.8522 0.00694052
2 143 1.88489 0.00247968
2 144 3.75463 0.00578786
2 145 7.89521 0.0215378
2 146 8.53987 0.0224388
2 147 1.96617 0.00266841
2 148 2.71326 0.00580136
2 149 2.01675 0.00293096
2 150 2.69411 0.00598201
2 151 8.48621 0.0247792
2 152 8.49838 0.0237852
2 153 0 0
2 154 9.31746 0.0264676
2 155 2.04521 0.00276857
2 156 10.0134 0.0287929
2 157 2.09647 0.00330463
2 158 2.47093 0.00486018
2 159 2.01172 0.00309755
2 160 10.4964 0.0312207
2 161 2.07652 0.00342437
2 162 10.2533 0.0312501
2 163 11.223 0.0431919
2 164 2.50903 0.00649287
2 165 21.4577 0.102281
2 166 22.6938 0.110453
2 167 11.9422 0.0470578
2 168 10.1395 0.0393539
2 169 8.61506 0.0277516
2 170 7.28041 0.0213989
2 171 7.88265 0.0233196
2 172 6.85685 0.0192131
2 173 7.54112 0.0217475
2 174 6.60685 0.0179641
2 175 7.39754 0.0212356
2 176 6.49218 0.0175974
2 177 7.27281 0.0209893
2 178 6.54605 0.0177307
2 179 7.08914 0.0206938
2 180 6.32789 0.0168515
2 181 6.97257 0.0204378
2 182 6.19145 0.0173771
2 183 6.62455 0.0196027
2 184 6.2241 0.0165681
2 185 6.62161 0.019304
2 186 6.18884 0.0161242
2 187 6.85548 0.0198519
2 188 6.86533 0.018452
2 189 2.30607 0.0038022
2 190 7.19279 0.0207311
2 191 7.28641 0.0231438
2 192 6.70049 0.0195568
2 193 6.85325 0.0210498
2 194 6.00287 0.0160669
2 195 6.30892 0.0181338
2 196 6.0913 0.0169298
2 197 6.84979 0.0188334
2 198 7.47437 0.0197945
2 199 0 0
2 200 0 0
2 201 0 0
2 202 0 0
2 203 0.721757 0.000688766
2 204 9.94004 0.020067
2 205 0.721993 0.000710471
2 206 10.1759 0.0199403
2 207 0.729486 0.000741159
2 208 9.38779 0.0182923
2 209 0.728106 0.000667909
2 210 5.861 0.0142611
2 211 0.717463 0.000710068
2 212 5.58602 0.0134604
2 213 0.710248 0.000718261
2 214 5.47168 0.0131655
2 215 0.723335 0.000711784
2 216 5.42133 0.0132477
2 217 0.72491 0.000694901
2 218 5.28842 0.0128822
2 219 0.719042 0.000667618
2 220 5.4714 0.0140635
2 221 0.735171 0.000709783
2 222 5.37728 0.0135596
2 223 0.71686 0.000692572
2 224 5.1417 0.0125214
2 225 0.724382 0.000702216
2 226 5.14507 0.0122899
2 227 0.727104 0.000681034
2 228 5.14248 0.0136555
2 229 0.734367 0.00140518
2 230 5.15999 0.0152759
2 231 0.736477 0.000698173
2 232 5.29655 0.0134732
2 233 0.746306 0.000794347
2 234 5.84929 0.0159266
2 235 5.34244 0.0139151
2 236 5.29963 0.0130991
2 237 4.63156 0.0116883
2 238 5.0168 0.0121273
2 239 5.02777 0.0129546
2 240 4.74838 0.0112637
2 241 4.92205 0.0123276
2 242 4.71113 0.0107906
2 243 4.84484 0.0118807
2 244 4.62719 0.010814
2 245 4.92489 0.0120327
2 246 4.71295 0.0108841
2 247 4.81444 0.011957
2 248 4.60872 0.0107124
2 249 4.80902 0.0117553
2 250 4.65712 0.0106486
2 251 4.74272 0.0116668
2 252 4.63833 0.0105431
2 253 4.73269 0.0117799
2 254 4.62226 0.0107364
2 255 4.65897 0.0116602
2 256 4.60204 0.0108265
2 257 4.71409 0.0119121
2 258 4.57352 0.0110083
2 259 4.74674 0.0122742
2 260 4.51297 0.0108329
2 261 4.64325 0.0115118
2 262 4.46262 0.0105917
2 263 4.71201 0.0116659
2 264 4.3298 0.010211
2 265 4.92139 0.0122267
2 266 4.21921 0.00993927
2 267 0 0
2 268 0 0
2 269 0 0
2 270 0 0
2 271 4.31858 0.010803
2 272 4.41837 0.0102712
2 273 4.32747 0.0109878
2 274 4.31818 0.0101689
2 275 4.43747 0.0110681
2 276 4.34236 0.0102778
2 277 4.52338 0.0112927
2 278 4.8424 0.0117804
2 279 1.64374 0.00164366
2 280 5.02186 0.0126942
2 281 4.88378 0.0124682
2 282 4.47535 0.011026
2 283 4.63694 0.0114535
2 284 4.34908 0.010478
2 285 5.55743 0.0118026
2 286 4.62008 0.0107822
2 287 5.46584 0.0118129
2 288 4.52014 0.0105382
2 289 5.591 0.0120907
2 290 4.43094 0.010504
2 291 4.5736 0.0117738
2 292 4.53062 0.0121673
2 293 4.4847 0.0115598
2 294 4.90072 0.0107677
2 295 4.53821 0.0116126
2 296 6.01233 0.0117915
2 297 4.57675 0.011729
2 298 6.0539 0.011552
2 299 4.73502 0.0122185
2 300 6.69434 0.0128115
2 301 5.13798 0.0135062
2 302 6.22479 0.0120686
2 303 4.57311 0.0125359
2 304 4.75859 0.010873
2 305 4.64362 0.0129474
2 306 4.54113 0.0109663
2 307 5.14097 0.0135556
2 308 4.74707 0.012536
2 309 8.33179 0.0149454
2 310 5.14964 0.0146774
2 311 8.87883 0.0143565
2 312 4.60589 0.0114601
2 313 5.75857 0.0132275
2 314 4.51283 0.0112268
2 315 5.04784 0.0138065
2 316 4.53705 0.0112354
2 317 4.98046 0.0143486
2 318 4.49859 0.0112592
2 319 4.96533 0.0145482
2 320 4.48627 0.0111321
2 321 4.89925 0.0141843
2 322 4.5359 0.0114458
2 323 4.95381 0.0143596
2 324 4.74223 0.0121633
2 325 5.42014 0.0157601
2 326 1.9116 0.00225003
2 327 5.36546 0.0154781
2 328 4.95802 0.0127617
2 329 5.18875 0.0147847
2 330 5.412 0.0147346
2 331 7.19194 0.0209547
